lax-friedrichs: [0.00000000e+000 6.78830527e-310 4.82122450e-310 4.82122450e-310
 2.00000000e-001 2.50000000e-001 3.00000000e-001 3.50000000e-001
 4.00000000e-001 4.50000000e-001 5.00000000e-001 5.50000000e-001
 6.00000000e-001 6.50000000e-001 7.00000000e-001 7.50000000e-001
 8.00000000e-001 8.50000000e-001 9.00000000e-001 9.50000000e-001
 1.00000000e+000 1.05000000e+000 1.10000000e+000 1.15000000e+000
 1.20000000e+000 1.25000000e+000 1.30000000e+000 1.35000000e+000
 1.40000000e+000 1.45000000e+000 1.50000000e+000 1.55000000e+000
 1.60000000e+000 1.65000000e+000 1.70000000e+000 1.75000000e+000
 1.80000000e+000 1.85000000e+000 1.90000000e+000 1.95000000e+000
 2.00000000e+000 2.05000000e+000 2.10000000e+000 2.15000000e+000
 2.20000000e+000 2.25000000e+000 2.30000000e+000 2.35000000e+000
 2.40000000e+000 2.45000000e+000 2.50000000e+000 2.55000000e+000
 2.60000000e+000 2.65000000e+000 2.70000000e+000 2.75000000e+000
 2.80000000e+000 2.85000000e+000 2.90000000e+000 2.95000000e+000
 3.00000000e+000 3.05000000e+000 3.10000000e+000 3.15000000e+000
 3.20000000e+000 3.25000000e+000 3.30000000e+000 3.35000000e+000
 3.40000000e+000 3.45000000e+000 3.50000000e+000 3.55000000e+000
 3.60000000e+000 3.65000000e+000 3.70000000e+000 3.75000000e+000
 3.80000000e+000 3.85000000e+000 3.90000000e+000 3.95000000e+000
 4.00000000e+000 4.05000000e+000 4.10000000e+000 4.15000000e+000
 4.20000000e+000 4.25000000e+000 4.30000000e+000 4.35000000e+000
 4.40000000e+000 4.45000000e+000 4.50000000e+000 4.55000000e+000
 4.60000000e+000 4.65000000e+000 4.70000000e+000 4.75000000e+000
 4.80000000e+000 4.85000000e+000 4.90000000e+000 4.95000000e+000
 5.00000000e+000 5.05000000e+000 5.10000000e+000 5.15000000e+000
 5.20000000e+000 5.25000000e+000 5.30000000e+000 5.35000000e+000
 5.40000000e+000 5.45000000e+000 5.50000000e+000 5.55000000e+000
 5.60000000e+000 5.65000000e+000 5.70000000e+000 5.75000000e+000
 5.80000000e+000 5.85000000e+000 5.90000000e+000 5.95000000e+000
 6.00000000e+000 6.05000000e+000 6.10000000e+000 6.15000000e+000
 6.20000000e+000 6.25000000e+000 6.30000000e+000 6.35000000e+000
 6.40000000e+000 6.45000000e+000 6.50000000e+000 6.55000000e+000
 6.60000000e+000 6.65000000e+000 6.70000000e+000 6.75000000e+000
 6.80000000e+000 6.85000000e+000 6.90000000e+000 6.95000000e+000
 7.00000000e+000 7.05000000e+000 7.10000000e+000 7.15000000e+000
 7.20000000e+000 7.25000000e+000 7.30000000e+000 7.35000000e+000
 7.40000000e+000 7.45000000e+000 7.50000000e+000 7.55000000e+000
 7.60000000e+000 7.65000000e+000 7.70000000e+000 7.75000000e+000
 7.80000000e+000 7.85000000e+000 7.90000000e+000 7.95000000e+000
 8.00000000e+000 8.05000000e+000 8.10000000e+000 8.15000000e+000
 8.20000000e+000 8.25000000e+000 8.30000000e+000 8.35000000e+000
 8.40000000e+000 8.45000000e+000 8.50000000e+000 8.55000000e+000
 8.60000000e+000 8.65000000e+000 8.70000000e+000 8.75000000e+000
 8.80000000e+000 8.85000000e+000 8.90000000e+000 8.95000000e+000
 9.00000000e+000 9.05000000e+000 9.10000000e+000 9.15000000e+000
 9.20000000e+000 9.25000000e+000 9.30000000e+000 9.35000000e+000
 9.40000000e+000 9.45000000e+000 9.50000000e+000 9.55000000e+000
 9.60000000e+000 9.65000000e+000 9.70000000e+000 9.75000000e+000
 9.80000000e+000 9.85000000e+000 9.90000000e+000 9.95000000e+000
 7.98410084e-321][4.55109262 4.6027091  4.32831622 4.37997044 4.11091605 4.16259677
 3.9008935  3.95258893 3.70011269 3.75181073 3.51026661 3.56195509
 3.33284841 3.38451537 3.16912893 3.22076285 3.02014079 3.07173084
 2.88666941 2.93820567 2.76925101 2.82072463 2.66817712 2.71958048
 2.58350526 2.63483208 2.51507496 2.56632036 2.46252829 2.51368881
 2.42533375 2.47640734 2.40281265 2.45379861 2.39416683 2.44506572
 2.39850661 2.44932015 2.4148782  2.46560911 2.44228965 2.4929415
 2.47973466 2.53031175 2.52621387 2.57672099 2.58075303 2.63119537
 2.64241819 2.69280117 2.71032757 2.76065669 2.78366035 2.83394108
 2.86166257 2.91190021 2.94365029 2.99384995 3.02901057 3.07917704
 3.11720035 3.16733807 3.20774384 3.25785688 3.30022869 3.3503207
 3.39430125 3.44437549 3.48966135 3.53972067 3.58605679 3.63610362
 3.68327769 3.73331409 3.78115114 3.83117879 3.87953601 3.92955621
 3.97831813 4.02833183 4.07740599 4.12741374 4.17672678 4.22672873
 4.27622301 4.32621887 4.3758495  4.42583843 4.47557077 4.52555133
 4.57535891 4.62532884 4.67519162 4.7251477  4.77505061 4.82498835
 4.8749202  4.92483352 4.97478606 5.0246668  5.074634   5.12447139
 5.17444889 5.22422883 5.2742135  5.32391768 5.3739073  5.42351212
 5.47350513 5.52298043 5.57297574 5.62228324 5.67228011 5.72137155
 5.77136948 5.82018451 5.87018318 5.91864684 5.96864606 6.01666594
 6.06666562 6.11412865 6.16412879 6.21089766 6.26089832 6.30680761
 6.35680892 6.40166083 6.45166301 6.49522294 6.5452263  6.58721831
 6.63722324 6.67732542 6.72733243 6.76517247 6.81518223 6.85033333
 6.90034666 6.93232396 6.98234189 7.01059978 7.06062354 7.08455404
 7.13458511 7.15351762 7.20355779 7.21676056 7.26681192 7.2734955
 7.32356049 7.32288348 7.37296489 7.3640421  7.41414312 7.39605645
 7.44618064 7.41799266 7.468144   7.42891428 7.47909712 7.42790121
 7.47812023 7.41407091 7.46433112 7.38660169 7.43690834 7.34475736
 7.39511586 7.28791261 7.33832845 7.21557854 7.26605717 7.12742719
 7.17797386 7.02331436 7.07393404 6.90329968 6.95399682 6.76766294
 6.81844141 6.61691595 6.66777879 6.45180894 6.50275827 6.27333105
 6.32436789 6.08270444 6.1338286  5.88137175 5.93258176 5.67097708
 5.72227005 5.45334068 5.50471235 5.23042809 5.28187277 5.00431439
 5.05582504 4.77714479 4.82871309]
lax-wendroff: [0. 0. 0. 0. 0. 0. 0. 0. 0. 0. 0. 0. 0. 0. 0. 0. 0. 0. 0. 0. 0. 0. 0. 0.
 0. 0. 0. 0. 0. 0. 0. 0. 0. 0. 0. 0. 0. 0. 0. 0. 0. 0. 0. 0. 0. 0. 0. 0.
 0. 0. 0. 0. 0. 0. 0. 0. 0. 0. 0. 0. 0. 0. 0. 0. 0. 0. 0. 0. 0. 0. 0. 0.
 0. 0. 0. 0. 0. 0. 0. 0. 1. 1. 1. 1. 1. 1. 1. 1. 1. 1. 1. 1. 1. 1. 1. 1.
 1. 1. 1. 1. 1. 1. 1. 1. 1. 1. 1. 1. 1. 1. 1. 1. 1. 1. 1. 1. 1. 1. 1. 1.
 1. 0. 0. 0. 0. 0. 0. 0. 0. 0. 0. 0. 0. 0. 0. 0. 0. 0. 0. 0. 0. 0. 0. 0.
 0. 0. 0. 0. 0. 0. 0. 0. 0. 0. 0. 0. 0. 0. 0. 0. 0. 0. 0. 0. 0. 0. 0. 0.
 0. 0. 0. 0. 0. 0. 0. 0. 0. 0. 0. 0. 0. 0. 0. 0. 0. 0. 0. 0. 0. 0. 0. 0.
 0. 0. 0. 0. 0. 0. 0. 0. 0.][ 5.91493251e-04  5.21567344e-04  1.42058683e-04 -4.24054805e-04
 -9.21893910e-04 -1.06885869e-03 -6.96191504e-04  1.37838598e-04
  1.12646134e-03  1.81312680e-03  1.78425375e-03  8.79420061e-04
 -6.78741203e-04 -2.31052026e-03 -3.27583548e-03 -2.98040060e-03
 -1.27134536e-03  1.41068171e-03  4.11204843e-03  5.68044468e-03
  5.21485492e-03  2.48333498e-03 -1.86747977e-03 -6.42441281e-03
 -9.43950109e-03 -9.45348255e-03 -5.89466885e-03  5.76212029e-04
  8.13163847e-03  1.42724727e-02  1.66174441e-02  1.37364017e-02
  5.74434434e-03 -5.56167100e-03 -1.70983036e-02 -2.53284498e-02
 -2.72920726e-02 -2.15305057e-02 -8.62882706e-03  8.78697313e-03
  2.66055753e-02  4.01962906e-02  4.55410811e-02  4.02566453e-02
  2.42680963e-02 -1.66331534e-05 -2.80717278e-02 -5.40887643e-02
 -7.21235085e-02 -7.73351173e-02 -6.70739615e-02 -4.15900838e-02
 -4.19357493e-03  3.92017749e-02  8.10924951e-02  1.13768253e-01
  1.30776446e-01  1.28147226e-01  1.05105187e-01  6.41177699e-02
  1.02991663e-02 -4.96468041e-02 -1.08651502e-01 -1.60360395e-01
 -1.99827439e-01 -2.23729741e-01 -2.30169545e-01 -2.18255950e-01
 -1.87705692e-01 -1.38657957e-01 -7.17823041e-02  1.13837675e-02
  1.08046782e-01  2.13944242e-01  3.23491299e-01  4.30357725e-01
  5.28397115e-01  6.12717591e-01  6.80611627e-01  7.32076538e-01
  7.69753894e-01  7.98267061e-01  8.23096761e-01  8.49258899e-01
  8.80102718e-01  9.16517609e-01  9.56734309e-01  9.96760108e-01
  1.03133727e+00  1.05519651e+00  1.06431932e+00  1.05693355e+00
  1.03403835e+00  9.99365097e-01  9.58803273e-01  9.19425262e-01
  8.88312873e-01  8.71409447e-01  8.72597290e-01  8.93140849e-01
  9.31558022e-01  9.83902666e-01  1.04437565e+00  1.10613953e+00
  1.16219687e+00  1.20620204e+00  1.23310578e+00  1.23957112e+00
  1.22414160e+00  1.18717951e+00  1.13061939e+00  1.05759730e+00
  9.72020473e-01  8.78136029e-01  7.80145480e-01  6.81895985e-01
  5.86663698e-01  4.97030541e-01  4.14845175e-01  3.41252110e-01
  2.76769744e-01  2.21398078e-01  1.74738928e-01  1.36114911e-01
  1.04677438e-01  7.94977738e-02  5.96385491e-02  4.42056909e-02
  3.23825224e-02  2.34488185e-02  1.67880392e-02  1.18859407e-02
  8.32344031e-03  5.76613256e-03  3.95231264e-03  2.68084274e-03
  1.79974018e-03  1.19599547e-03  7.86850684e-04  5.12575953e-04
  3.30658537e-04  2.11247395e-04  1.33661493e-04  8.37623035e-05
  5.20050765e-05  3.20136152e-05  1.95596149e-05  1.18573309e-05
  7.09823899e-06  4.15058492e-06  2.34951412e-06  1.32154997e-06
  8.26395954e-07  6.41701901e-07  5.31887974e-07  3.10876997e-07
 -5.47219915e-08 -4.02088936e-07 -4.66999458e-07 -9.73889600e-08
  5.51473371e-07  1.01772753e-06  8.06005947e-07 -1.97516359e-07
 -1.47085235e-06 -2.04306767e-06 -1.13440736e-06  1.11403558e-06
  3.39309081e-06  3.84369665e-06  1.35593109e-06 -3.25040287e-06
 -7.14838291e-06 -6.98295181e-06 -1.29608231e-06  7.65097596e-06
  1.42609110e-05  1.26444145e-05  9.29806762e-07 -1.59439263e-05
 -2.74956311e-05 -2.34144149e-05 -1.01775626e-06  3.03017494e-05
  5.16960169e-05  4.48733143e-05  4.83260675e-06 -5.25332987e-05
 -9.45686313e-05 -8.83374281e-05 -2.21202034e-05  8.06323506e-05
  1.65897557e-04  1.74306660e-04  7.66676731e-05 -9.94932632e-05
 -2.70866042e-04 -3.33098506e-04 -2.17008867e-04  6.15454583e-05
  3.88545680e-04]
lax-wendroff: [0. 0. 0. 0. 0. 0. 0. 0. 0. 0. 0. 0. 0. 0. 0. 0. 0. 0. 0. 0. 0. 0. 0. 0.
 0. 0. 0. 0. 0. 0. 0. 0. 0. 0. 0. 0. 0. 0. 0. 0. 1. 1. 1. 1. 1. 1. 1. 1.
 1. 1. 1. 1. 1. 1. 1. 1. 1. 1. 1. 1. 1. 0. 0. 0. 0. 0. 0. 0. 0. 0. 0. 0.
 0. 0. 0. 0. 0. 0. 0. 0. 0. 0. 0. 0. 0. 0. 0. 0. 0. 0. 0. 0. 0. 0. 0. 0.
 0. 0. 0. 0. 0.][ 9.60575099e-03  3.26046424e-03 -6.80262510e-03 -1.62687541e-02
 -2.01017681e-02 -1.49546161e-02 -1.15418170e-03  1.67897300e-02
  3.15933509e-02  3.60798116e-02  2.63440632e-02  3.79720989e-03
 -2.48753043e-02 -4.99062294e-02 -6.19179680e-02 -5.52721523e-02
 -3.00091933e-02  8.24284360e-03  5.01386285e-02  8.53591553e-02
  1.05160755e-01  1.03995382e-01  8.00519432e-02  3.50636764e-02
 -2.61109368e-02 -9.58253068e-02 -1.63972146e-01 -2.18665652e-01
 -2.47644696e-01 -2.40449430e-01 -1.90954013e-01 -9.94663175e-02
  2.64548651e-02  1.72997088e-01  3.22853606e-01  4.59073915e-01
  5.68929078e-01  6.46678869e-01  6.94466682e-01  7.21148470e-01
  7.39473114e-01  7.62471602e-01  8.00059076e-01  8.56695952e-01
  9.30579012e-01  1.01438108e+00  1.09716897e+00  1.16689982e+00
  1.21285800e+00  1.22752075e+00  1.20756348e+00  1.15395918e+00
  1.07132542e+00  9.66791047e-01  8.48686268e-01  7.25319752e-01
  6.04024259e-01  4.90556586e-01  3.88852136e-01  3.01073205e-01
  2.27858703e-01  1.68679283e-01  1.22217831e-01  8.67200652e-02
  6.02833384e-02  4.10686397e-02  2.74322629e-02  1.79841620e-02
  1.15915914e-02  7.35524756e-03  4.58352063e-03  2.77583295e-03
  1.60610259e-03  8.87454598e-04  5.10341219e-04  3.72760047e-04
  3.41324989e-04  2.72842641e-04  8.55083093e-05 -1.76648286e-04
 -3.53393028e-04 -2.75098332e-04  8.79261275e-05  5.43120647e-04
  7.49631365e-04  4.38591588e-04 -3.49313807e-04 -1.18847234e-03
 -1.46098308e-03 -7.51873224e-04  7.83462895e-04  2.34878122e-03
  2.86206967e-03  1.60545619e-03 -1.18802251e-03 -4.20905610e-03
 -5.60009299e-03 -3.96177774e-03  6.67208631e-04  6.45004490e-03
  1.03588581e-02]
